name: py35_pytorch04
channels:
  - conda-forge
  - pytorch
  - defaults
dependencies:
  - blas=1.1=openblas
  - libgfortran=3.0.0=1
  - numpy=1.15.2=py35_blas_openblashd3ea46f_0
  - openblas=0.2.20=8
  - python-spams=2.6.1=py35_blas_openblash110355a_200
  - scipy=1.1.0=py35_blas_openblash7943236_201
  - six=1.11.0=py35_1
  - backcall=0.1.0=py35_0
  - ca-certificates=2018.03.07=0
  - certifi=2018.8.24=py35_1
  - cffi=1.11.5=py35he75722e_1
  - decorator=4.3.0=py35_0
  - freetype=2.9.1=h8a8886c_0
  - intel-openmp=2019.0=118
  - ipykernel=4.9.0=py35_1
  - ipython=6.5.0=py35_0
  - ipython_genutils=0.2.0=py35hc9e07d0_0
  - jedi=0.12.1=py35_0
  - jpeg=9b=h024ee3a_2
  - jupyter_client=5.2.3=py35_0
  - jupyter_core=4.4.0=py35_0
  - libedit=3.1.20170329=h6b74fdf_2
  - libffi=3.2.1=hd88cf55_4
  - libgcc-ng=7.2.0=hdf63c60_3
  - libpng=1.6.34=hb9fc6fc_0
  - libsodium=1.0.16=h1bed415_0
  - libstdcxx-ng=7.2.0=hdf63c60_3
  - libtiff=4.0.9=he85c1e1_1
  - mkl=2019.0=118
  - ncurses=6.1=hf484d3e_0
  - ninja=1.8.2=py35h6bb024c_1
  - olefile=0.46=py35_0
  - openssl=1.0.2p=h14c3975_0
  - parso=0.3.1=py35_0
  - pexpect=4.6.0=py35_0
  - pickleshare=0.7.4=py35hd57304d_0
  - pillow=5.2.0=py35heded4f4_0
  - pip=10.0.1=py35_0
  - prompt_toolkit=1.0.15=py35hc09de7a_0
  - ptyprocess=0.6.0=py35_0
  - pycparser=2.18=py35_1
  - pygments=2.2.0=py35h0f41973_0
  - python=3.5.5=hc3d631a_4
  - python-dateutil=2.7.3=py35_0
  - pyzmq=17.1.2=py35h14c3975_0
  - readline=7.0=ha6073c6_4
  - setuptools=39.1.0=py35_0
  - simplegeneric=0.8.1=py35_2
  - sqlite=3.23.1=he433501_0
  - tk=8.6.7=hc745277_3
  - tornado=5.1=py35h14c3975_0
  - traitlets=4.3.2=py35ha522a97_0
  - wcwidth=0.1.7=py35hcd08066_0
  - wheel=0.31.1=py35_0
  - xz=5.2.4=h14c3975_4
  - zeromq=4.2.5=hf484d3e_1
  - zlib=1.2.11=ha838bed_2
  - pytorch=0.4.1=py35_py27__9.0.176_7.1.2_2
  - torchvision=0.2.1=py35_1
  - pip:
    - absl-py==0.2.2
    - astor==0.6.2
    - bleach==1.5.0
    - cloudpickle==0.5.6
    - cycler==0.10.0
    - dask==0.19.2
    - defusedxml==0.5.0
    - entrypoints==0.2.3
    - gast==0.2.0
    - grpcio==1.12.0
    - h5py==2.8.0
    - html5lib==0.9999999
    - ipywidgets==7.4.2
    - jinja2==2.10
    - joblib==0.13.2
    - jsonschema==2.6.0
    - jupyter==1.0.0
    - jupyter-console==5.2.0
    - kiwisolver==1.0.1
    - lmdb==0.94
    - markdown==2.6.11
    - markupsafe==1.0
    - matplotlib==3.0.0
    - mistune==0.8.3
    - nbconvert==5.4.0
    - nbformat==4.4.0
    - networkx==2.2
    - notebook==5.7.0
    - opencv-python==3.4.3.18
    - openslide-python==1.1.1
    - pandas==0.23.4
    - pandocfilters==1.4.2
    - prometheus-client==0.3.1
    - protobuf==3.5.2.post1
    - pyparsing==2.2.1
    - pytz==2018.5
    - pywavelets==1.0.1
    - qtconsole==4.4.1
    - scikit-image==0.14.0
    - scikit-learn==0.20.0
    - send2trash==1.5.0
    - spams==2.6.1
    - tensorboard==1.8.0
    - tensorflow-gpu==1.8.0
    - termcolor==1.1.0
    - terminado==0.8.1
    - testpath==0.4.1
    - toolz==0.9.0
    - torch==0.4.1.post2
    - werkzeug==0.14.1
    - widgetsnbextension==3.4.2
prefix: /home/jiayun/anaconda3/envs/py35_pytorch04

